117	 234	 3
0	1	11613	18300
1	1	11613	18300
2	1	11613	18288
3	1	11613	16673
4	1	11613	12752
5	1	11613	11380
6	1	11613	10620
7	1	11613	10155
8	1	11613	9564
9	1	11613	9027
10	1	11613	8710
11	1	11613	8435
12	1	11613	8356
13	1	11613	8235
14	1	11613	8082
15	1	11613	7785
16	1	11613	7727
17	1	11613	7592
18	1	11613	7440
19	1	11613	7246
20	1	11613	7347
21	1	11613	7251
22	1	11613	7266
23	1	11613	7046
24	1	11613	6950
25	1	11613	6831
26	1	11613	6780
27	1	11613	6858
28	1	11613	6618
29	1	11613	6580
30	1	11613	6525
31	1	11613	6484
32	1	11613	6406
33	1	11613	6283
34	1	11613	6167
35	1	11613	6177
36	1	11613	6137
37	1	11613	6052
38	1	11613	6078
39	1	11613	6130
40	1	11613	5983
41	1	11613	5766
42	1	11613	5720
43	1	11613	5684
44	1	11613	5833
45	1	11613	5787
46	1	11613	5687
47	1	11613	5698
48	1	11613	5602
49	1	11613	5513
50	1	11613	5429
51	1	11613	5477
52	1	11613	5377
53	1	11613	5385
54	1	11613	5302
55	1	11613	5055
56	1	11613	5094
57	1	11613	5133
58	1	11613	5188
59	1	11613	5068
60	1	11613	5081
61	1	11613	5044
62	1	11613	4944
63	1	11613	4899
64	1	11613	4718
65	1	11613	4778
66	1	11613	4659
67	1	11613	4665
68	1	11613	4591
69	1	11613	4506
70	1	11613	4374
71	1	11613	4459
72	1	11613	4343
73	1	11613	4197
74	1	11613	4175
75	1	11613	4137
76	1	11613	3917
77	1	11613	3988
78	1	11613	3773
79	1	11613	3824
80	1	11613	3687
81	1	11613	3650
82	1	11613	3568
83	1	11613	3480
84	1	11613	3446
85	1	11613	3158
86	1	11613	3031
87	1	11613	2958
88	1	11613	2572
89	1	11613	2551
90	1	11613	2436
91	1	11613	2266
92	1	11613	2102
93	1	11613	1866
94	1	11613	1774
95	1	11613	1626
96	1	11613	1344
97	1	11613	1174
98	1	11613	943
99	1	11613	843
100	1	11613	599
0	2	11608	18233
1	2	11608	18233
2	2	11608	18188
3	2	11608	17396
4	2	11608	12712
5	2	11608	11302
6	2	11608	10460
7	2	11608	9998
8	2	11608	9526
9	2	11608	9193
10	2	11608	8856
11	2	11608	8564
12	2	11608	8374
13	2	11608	8146
14	2	11608	8154
15	2	11608	8022
16	2	11608	7854
17	2	11608	7703
18	2	11608	7686
19	2	11608	7583
20	2	11608	7438
21	2	11608	7414
22	2	11608	7313
23	2	11608	7148
24	2	11608	6968
25	2	11608	6774
26	2	11608	6727
27	2	11608	6775
28	2	11608	6680
29	2	11608	6729
30	2	11608	6551
31	2	11608	6643
32	2	11608	6592
33	2	11608	6448
34	2	11608	6330
35	2	11608	6286
36	2	11608	6356
37	2	11608	6238
38	2	11608	6095
39	2	11608	6132
40	2	11608	6008
41	2	11608	5884
42	2	11608	5850
43	2	11608	5936
44	2	11608	5927
45	2	11608	5868
46	2	11608	5776
47	2	11608	5644
48	2	11608	5741
49	2	11608	5775
50	2	11608	5706
51	2	11608	5694
52	2	11608	5582
53	2	11608	5554
54	2	11608	5458
55	2	11608	5476
56	2	11608	5437
57	2	11608	5466
58	2	11608	5243
59	2	11608	5230
60	2	11608	5341
61	2	11608	5239
62	2	11608	5173
63	2	11608	4988
64	2	11608	4967
65	2	11608	4812
66	2	11608	4729
67	2	11608	4634
68	2	11608	4720
69	2	11608	4581
70	2	11608	4592
71	2	11608	4497
72	2	11608	4554
73	2	11608	4359
74	2	11608	4207
75	2	11608	4160
76	2	11608	4114
77	2	11608	3899
78	2	11608	3823
79	2	11608	3767
80	2	11608	3704
81	2	11608	3517
82	2	11608	3388
83	2	11608	3461
84	2	11608	3264
85	2	11608	3279
86	2	11608	3012
87	2	11608	2948
88	2	11608	2759
89	2	11608	2662
90	2	11608	2404
91	2	11608	2223
92	2	11608	2054
93	2	11608	1782
94	2	11608	1593
95	2	11608	1417
96	2	11608	1137
97	2	11608	1010
98	2	11608	825
99	2	11608	710
100	2	11608	483
0	3	11599	18549
1	3	11599	18549
2	3	11599	18528
3	3	11599	17119
4	3	11599	12629
5	3	11599	11586
6	3	11599	10695
7	3	11599	10007
8	3	11599	9449
9	3	11599	9031
10	3	11599	8761
11	3	11599	8610
12	3	11599	8426
13	3	11599	8122
14	3	11599	7938
15	3	11599	7824
16	3	11599	7586
17	3	11599	7614
18	3	11599	7453
19	3	11599	7326
20	3	11599	7376
21	3	11599	7340
22	3	11599	7279
23	3	11599	6985
24	3	11599	7008
25	3	11599	6884
26	3	11599	6791
27	3	11599	6760
28	3	11599	6679
29	3	11599	6702
30	3	11599	6467
31	3	11599	6425
32	3	11599	6588
33	3	11599	6386
34	3	11599	6295
35	3	11599	6161
36	3	11599	6089
37	3	11599	6101
38	3	11599	6086
39	3	11599	5965
40	3	11599	5867
41	3	11599	5928
42	3	11599	5857
43	3	11599	5835
44	3	11599	5746
45	3	11599	5788
46	3	11599	5806
47	3	11599	5674
48	3	11599	5694
49	3	11599	5593
50	3	11599	5524
51	3	11599	5548
52	3	11599	5417
53	3	11599	5244
54	3	11599	5326
55	3	11599	5167
56	3	11599	5339
57	3	11599	5295
58	3	11599	5120
59	3	11599	5190
60	3	11599	5263
61	3	11599	5110
62	3	11599	5171
63	3	11599	5036
64	3	11599	4969
65	3	11599	5028
66	3	11599	5006
67	3	11599	4881
68	3	11599	4766
69	3	11599	4772
70	3	11599	4572
71	3	11599	4643
72	3	11599	4589
73	3	11599	4528
74	3	11599	4361
75	3	11599	4330
76	3	11599	4163
77	3	11599	4180
78	3	11599	4090
79	3	11599	3927
80	3	11599	3913
81	3	11599	3698
82	3	11599	3565
83	3	11599	3623
84	3	11599	3534
85	3	11599	3360
86	3	11599	3183
87	3	11599	2992
88	3	11599	2679
89	3	11599	2605
90	3	11599	2440
91	3	11599	2158
92	3	11599	2047
93	3	11599	1744
94	3	11599	1619
95	3	11599	1643
96	3	11599	1197
97	3	11599	1197
98	3	11599	1048
99	3	11599	844
100	3	11599	718
0	4	11580	17956
1	4	11580	17956
2	4	11580	17927
3	4	11580	16417
4	4	11580	12540
5	4	11580	11308
6	4	11580	10658
7	4	11580	9966
8	4	11580	9366
9	4	11580	9231
10	4	11580	8878
11	4	11580	8605
12	4	11580	8508
13	4	11580	8459
14	4	11580	8163
15	4	11580	7964
16	4	11580	7670
17	4	11580	7513
18	4	11580	7444
19	4	11580	7391
20	4	11580	7200
21	4	11580	7014
22	4	11580	6955
23	4	11580	6973
24	4	11580	6850
25	4	11580	6898
26	4	11580	6769
27	4	11580	6744
28	4	11580	6884
29	4	11580	6764
30	4	11580	6589
31	4	11580	6533
32	4	11580	6461
33	4	11580	6450
34	4	11580	6382
35	4	11580	6166
36	4	11580	6098
37	4	11580	6204
38	4	11580	6028
39	4	11580	5950
40	4	11580	5855
41	4	11580	5931
42	4	11580	5820
43	4	11580	5763
44	4	11580	5794
45	4	11580	5811
46	4	11580	5617
47	4	11580	5577
48	4	11580	5551
49	4	11580	5424
50	4	11580	5454
51	4	11580	5373
52	4	11580	5167
53	4	11580	5307
54	4	11580	5372
55	4	11580	5364
56	4	11580	5305
57	4	11580	5373
58	4	11580	5166
59	4	11580	5228
60	4	11580	5300
61	4	11580	5206
62	4	11580	5180
63	4	11580	5087
64	4	11580	4972
65	4	11580	4865
66	4	11580	4853
67	4	11580	4779
68	4	11580	4852
69	4	11580	4698
70	4	11580	4596
71	4	11580	4532
72	4	11580	4498
73	4	11580	4468
74	4	11580	4393
75	4	11580	4325
76	4	11580	4109
77	4	11580	4004
78	4	11580	3982
79	4	11580	3868
80	4	11580	3792
81	4	11580	3609
82	4	11580	3534
83	4	11580	3258
84	4	11580	3215
85	4	11580	3133
86	4	11580	2937
87	4	11580	2814
88	4	11580	2856
89	4	11580	2598
90	4	11580	2409
91	4	11580	2142
92	4	11580	2055
93	4	11580	1887
94	4	11580	1592
95	4	11580	1561
96	4	11580	1281
97	4	11580	1039
98	4	11580	899
99	4	11580	650
100	4	11580	525
0	5	11563	17886
1	5	11563	17886
2	5	11563	17845
3	5	11563	17006
4	5	11563	12461
5	5	11563	11262
6	5	11563	10371
7	5	11563	9967
8	5	11563	9419
9	5	11563	9220
10	5	11563	8846
11	5	11563	8571
12	5	11563	8497
13	5	11563	8147
14	5	11563	8155
15	5	11563	7977
16	5	11563	7707
17	5	11563	7584
18	5	11563	7415
19	5	11563	7434
20	5	11563	7256
21	5	11563	7206
22	5	11563	7120
23	5	11563	7054
24	5	11563	6982
25	5	11563	6880
26	5	11563	6842
27	5	11563	6561
28	5	11563	6688
29	5	11563	6577
30	5	11563	6441
31	5	11563	6361
32	5	11563	6302
33	5	11563	6135
34	5	11563	6138
35	5	11563	6265
36	5	11563	6274
37	5	11563	6152
38	5	11563	6086
39	5	11563	5873
40	5	11563	5817
41	5	11563	5808
42	5	11563	5760
43	5	11563	5664
44	5	11563	5788
45	5	11563	5639
46	5	11563	5704
47	5	11563	5669
48	5	11563	5567
49	5	11563	5474
50	5	11563	5433
51	5	11563	5383
52	5	11563	5270
53	5	11563	5373
54	5	11563	5383
55	5	11563	5199
56	5	11563	5181
57	5	11563	5171
58	5	11563	5210
59	5	11563	5137
60	5	11563	5092
61	5	11563	4892
62	5	11563	4945
63	5	11563	4855
64	5	11563	4832
65	5	11563	4685
66	5	11563	4794
