82	 164	 3
0	1	67138	95743
1	1	67138	95743
2	1	67138	95898
3	1	67138	99320
4	1	67138	93045
5	1	67138	87383
6	1	67138	83556
7	1	67138	81251
8	1	67138	78283
9	1	67138	76165
10	1	67138	73301
11	1	67138	70833
12	1	67138	68592
13	1	67138	66977
14	1	67138	65374
15	1	67138	63785
16	1	67138	62016
17	1	67138	60874
18	1	67138	59144
19	1	67138	58433
20	1	67138	57107
21	1	67138	55463
22	1	67138	54651
23	1	67138	53890
24	1	67138	52802
25	1	67138	51943
26	1	67138	51409
27	1	67138	50097
28	1	67138	49714
29	1	67138	48906
30	1	67138	48272
31	1	67138	47843
32	1	67138	47136
33	1	67138	46796
34	1	67138	45840
35	1	67138	45395
36	1	67138	45165
37	1	67138	44804
38	1	67138	44182
39	1	67138	43557
40	1	67138	43477
41	1	67138	42827
42	1	67138	42679
43	1	67138	42681
44	1	67138	42231
45	1	67138	41790
46	1	67138	41423
47	1	67138	41174
48	1	67138	41299
49	1	67138	40451
50	1	67138	40368
51	1	67138	40129
52	1	67138	39543
53	1	67138	39320
54	1	67138	39082
55	1	67138	38737
56	1	67138	38136
57	1	67138	38024
58	1	67138	37325
59	1	67138	37236
60	1	67138	36816
61	1	67138	36738
62	1	67138	36157
63	1	67138	35858
64	1	67138	35554
65	1	67138	34960
66	1	67138	34360
67	1	67138	34120
68	1	67138	33352
69	1	67138	33045
70	1	67138	32502
71	1	67138	32041
72	1	67138	31491
73	1	67138	31461
74	1	67138	30910
75	1	67138	30633
76	1	67138	30255
77	1	67138	29567
78	1	67138	29344
79	1	67138	28607
80	1	67138	28011
81	1	67138	27672
82	1	67138	26982
83	1	67138	26489
84	1	67138	25263
85	1	67138	24566
86	1	67138	23738
87	1	67138	23192
88	1	67138	21878
89	1	67138	21258
90	1	67138	20568
91	1	67138	19261
92	1	67138	18492
93	1	67138	17292
94	1	67138	16098
95	1	67138	14552
96	1	67138	12664
97	1	67138	11040
98	1	67138	9239
99	1	67138	7715
100	1	67138	6977
0	2	66841	95407
1	2	66841	95407
2	2	66841	95616
3	2	66841	98607
4	2	66841	94168
5	2	66841	87606
6	2	66841	83330
7	2	66841	80843
8	2	66841	78741
9	2	66841	76073
10	2	66841	73575
11	2	66841	70426
12	2	66841	69284
13	2	66841	66993
14	2	66841	64792
15	2	66841	63082
16	2	66841	61681
17	2	66841	60472
18	2	66841	58948
19	2	66841	57951
20	2	66841	56590
21	2	66841	55478
22	2	66841	54665
23	2	66841	53507
24	2	66841	52488
25	2	66841	51710
26	2	66841	50764
27	2	66841	50436
28	2	66841	49717
29	2	66841	49164
30	2	66841	48288
31	2	66841	47887
32	2	66841	47329
33	2	66841	46360
34	2	66841	45937
35	2	66841	45278
36	2	66841	44463
37	2	66841	44333
38	2	66841	43886
39	2	66841	43863
40	2	66841	43610
41	2	66841	42553
42	2	66841	42709
43	2	66841	42506
44	2	66841	41468
45	2	66841	41391
46	2	66841	40759
47	2	66841	40637
48	2	66841	40403
49	2	66841	39862
50	2	66841	39699
51	2	66841	39574
52	2	66841	39193
53	2	66841	39096
54	2	66841	38540
55	2	66841	38111
56	2	66841	37855
57	2	66841	37740
58	2	66841	37425
59	2	66841	36942
60	2	66841	36390
61	2	66841	36188
62	2	66841	35791
63	2	66841	35558
64	2	66841	35153
65	2	66841	34282
66	2	66841	34136
67	2	66841	33490
68	2	66841	33071
69	2	66841	32677
70	2	66841	32348
71	2	66841	31927
72	2	66841	31996
73	2	66841	31150
74	2	66841	30375
75	2	66841	29976
76	2	66841	29604
77	2	66841	29018
78	2	66841	28552
79	2	66841	28597
80	2	66841	27829
81	2	66841	27076
82	2	66841	26683
83	2	66841	25813
84	2	66841	25427
85	2	66841	24628
86	2	66841	23663
87	2	66841	22793
88	2	66841	21707
89	2	66841	20913
90	2	66841	20244
91	2	66841	18841
92	2	66841	17720
93	2	66841	17154
94	2	66841	15825
95	2	66841	14409
96	2	66841	12461
97	2	66841	10637
98	2	66841	8768
99	2	66841	7273
100	2	66841	5900
0	3	66525	95106
1	3	66525	95106
2	3	66525	95344
3	3	66525	97900
4	3	66525	93637
5	3	66525	87284
6	3	66525	83848
7	3	66525	81263
8	3	66525	77702
9	3	66525	75220
10	3	66525	72556
11	3	66525	70245
12	3	66525	68115
13	3	66525	66143
14	3	66525	64604
15	3	66525	63295
16	3	66525	61663
17	3	66525	59617
18	3	66525	58422
19	3	66525	57249
20	3	66525	56512
21	3	66525	54623
22	3	66525	53737
23	3	66525	52834
24	3	66525	51572
25	3	66525	51209
26	3	66525	50552
27	3	66525	49808
28	3	66525	49114
29	3	66525	48754
30	3	66525	47701
31	3	66525	47181
32	3	66525	46507
33	3	66525	45633
34	3	66525	45363
35	3	66525	45091
36	3	66525	44901
37	3	66525	44557
38	3	66525	43603
39	3	66525	43153
40	3	66525	42949
41	3	66525	42599
42	3	66525	42177
43	3	66525	41784
44	3	66525	41512
45	3	66525	41364
46	3	66525	40904
47	3	66525	40623
48	3	66525	40409
49	3	66525	39517
50	3	66525	39399
51	3	66525	39212
52	3	66525	39122
53	3	66525	38524
54	3	66525	38256
55	3	66525	38206
56	3	66525	37732
57	3	66525	37357
58	3	66525	36655
59	3	66525	36500
60	3	66525	36314
61	3	66525	35941
62	3	66525	35491
63	3	66525	34951
64	3	66525	34547
65	3	66525	33992
66	3	66525	33766
67	3	66525	33467
68	3	66525	32838
69	3	66525	32598
70	3	66525	32460
71	3	66525	32103
72	3	66525	31641
73	3	66525	31336
74	3	66525	30389
75	3	66525	30047
76	3	66525	29715
77	3	66525	29021
78	3	66525	28648
79	3	66525	28127
80	3	66525	27633
81	3	66525	27053
82	3	66525	26681
83	3	66525	25910
84	3	66525	25090
85	3	66525	24644
86	3	66525	23618
87	3	66525	23025
88	3	66525	21828
89	3	66525	20845
90	3	66525	20178
91	3	66525	19112
92	3	66525	17816
93	3	66525	16421
94	3	66525	15479
95	3	66525	14267
96	3	66525	12406
97	3	66525	10713
98	3	66525	9180
99	3	66525	8103
100	3	66525	6916
0	4	66319	94126
1	4	66319	94126
2	4	66319	94328
3	4	66319	97813
4	4	66319	94082
5	4	66319	86488
6	4	66319	83244
7	4	66319	81286
8	4	66319	77295
9	4	66319	74560
10	4	66319	71889
11	4	66319	69886
12	4	66319	67335
13	4	66319	65903
14	4	66319	63863
15	4	66319	62731
16	4	66319	60825
17	4	66319	59681
18	4	66319	58364
19	4	66319	57436
20	4	66319	56368
21	4	66319	55080
22	4	66319	53788
23	4	66319	53083
24	4	66319	51992
25	4	66319	51452
26	4	66319	50488
27	4	66319	49932
28	4	66319	49243
29	4	66319	48827
30	4	66319	48195
31	4	66319	47408
32	4	66319	46703
33	4	66319	46340
34	4	66319	46141
35	4	66319	45103
36	4	66319	44621
37	4	66319	44487
38	4	66319	43682
39	4	66319	43142
40	4	66319	42866
41	4	66319	42290
42	4	66319	42101
43	4	66319	41734
44	4	66319	41326
45	4	66319	41226
46	4	66319	40593
47	4	66319	40241
48	4	66319	40200
49	4	66319	39619
50	4	66319	39657
51	4	66319	39413
52	4	66319	38349
53	4	66319	38456
54	4	66319	37826
55	4	66319	37926
56	4	66319	37806
57	4	66319	37519
58	4	66319	36785
59	4	66319	36745
60	4	66319	36380
61	4	66319	36160
62	4	66319	35834
63	4	66319	35591
64	4	66319	34980
65	4	66319	34209
66	4	66319	33846
67	4	66319	33746
68	4	66319	33051
69	4	66319	33115
70	4	66319	32642
71	4	66319	32312
72	4	66319	31627
73	4	66319	31290
74	4	66319	29979
75	4	66319	29949
76	4	66319	29714
77	4	66319	28915
78	4	66319	28671
79	4	66319	28082
80	4	66319	27606
81	4	66319	26975
82	4	66319	26450
83	4	66319	25737
84	4	66319	25126
85	4	66319	24603
86	4	66319	23827
87	4	66319	22925
88	4	66319	21968
89	4	66319	21501
90	4	66319	20447
91	4	66319	19104
92	4	66319	17903
93	4	66319	16879
94	4	66319	15306
95	4	66319	14169
96	4	66319	12304
97	4	66319	10752
98	4	66319	8822
99	4	66319	7181
100	4	66319	5873
0	5	66045	94586
1	5	66045	94586
2	5	66045	94614
3	5	66045	97308
4	5	66045	92453
5	5	66045	85726
6	5	66045	82745
7	5	66045	80574
8	5	66045	77289
9	5	66045	74620
10	5	66045	71987
11	5	66045	69189
12	5	66045	67542
13	5	66045	65977
14	5	66045	64304
15	5	66045	62214
16	5	66045	60486
17	5	66045	58915
18	5	66045	57882
19	5	66045	56955
20	5	66045	55666
21	5	66045	54564
22	5	66045	53806
23	5	66045	52965
24	5	66045	51977
25	5	66045	51195
26	5	66045	50198
27	5	66045	49544
28	5	66045	48551
29	5	66045	48225
30	5	66045	47217
31	5	66045	47086
32	5	66045	46446
33	5	66045	45918
34	5	66045	45330
35	5	66045	44228
36	5	66045	43992
37	5	66045	43974
38	5	66045	43186
39	5	66045	43020
40	5	66045	42430
41	5	66045	42096
42	5	66045	41944
43	5	66045	41694
44	5	66045	40821
45	5	66045	40375
46	5	66045	40096
47	5	66045	40144
48	5	66045	39800
49	5	66045	39028
50	5	66045	38869
51	5	66045	38715
52	5	66045	38394
53	5	66045	38271
54	5	66045	37955
55	5	66045	37462
56	5	66045	37075
57	5	66045	36545
58	5	66045	36395
59	5	66045	36416
60	5	66045	36014
61	5	66045	35424
62	5	66045	35230
63	5	66045	35277
64	5	66045	34872
65	5	66045	34259
66	5	66045	34219
67	5	66045	33723
68	5	66045	33303
69	5	66045	33204
70	5	66045	32206
71	5	66045	32029
72	5	66045	31324
73	5	66045	31205
74	5	66045	30954
75	5	66045	30665
76	5	66045	29954
77	5	66045	29091
78	5	66045	28623
79	5	66045	27995
80	5	66045	27372
81	5	66045	27155
82	5	66045	26466
83	5	66045	25759
84	5	66045	25198
85	5	66045	24251
86	5	66045	23659
87	5	66045	22822
88	5	66045	22631
89	5	66045	21547
90	5	66045	20548
91	5	66045	19407
92	5	66045	18562
93	5	66045	17365
94	5	66045	15715
95	5	66045	14192
96	5	66045	12532
97	5	66045	11059
98	5	66045	9375
99	5	66045	7657
100	5	66045	6798
0	6	65715	94340
1	6	65715	94340
2	6	65715	94468
3	6	65715	97397
4	6	65715	92001
5	6	65715	85982
6	6	65715	82348
7	6	65715	80039
8	6	65715	76280
9	6	65715	74072
10	6	65715	71842
11	6	65715	68964
12	6	65715	67211
13	6	65715	65272
14	6	65715	63947
15	6	65715	61880
16	6	65715	60566
17	6	65715	58891
18	6	65715	57414
19	6	65715	56659
20	6	65715	55408
21	6	65715	54412
22	6	65715	53286
23	6	65715	52501
24	6	65715	51295
25	6	65715	50853
26	6	65715	49934
27	6	65715	49009
28	6	65715	48399
29	6	65715	47961
30	6	65715	47543
31	6	65715	46951
32	6	65715	45978
33	6	65715	45318
34	6	65715	45105
35	6	65715	44272
36	6	65715	43791
37	6	65715	43335
38	6	65715	42978
39	6	65715	42427
40	6	65715	42275
41	6	65715	41796
42	6	65715	41159
43	6	65715	40999
44	6	65715	40781
45	6	65715	40349
46	6	65715	40094
47	6	65715	39768
48	6	65715	39519
49	6	65715	38882
50	6	65715	38764
51	6	65715	38604
52	6	65715	38250
53	6	65715	38024
54	6	65715	37660
55	6	65715	36926
56	6	65715	36553
57	6	65715	36265
58	6	65715	36039
59	6	65715	35982
60	6	65715	35538
61	6	65715	35167
62	6	65715	34777
63	6	65715	34790
64	6	65715	34494
65	6	65715	34033
66	6	65715	33799
67	6	65715	33376
68	6	65715	32698
69	6	65715	32311
70	6	65715	31662
71	6	65715	31625
72	6	65715	30901
73	6	65715	31064
74	6	65715	30434
75	6	65715	30057
76	6	65715	29882
77	6	65715	28657
78	6	65715	28420
79	6	65715	28133
80	6	65715	27766
81	6	65715	27348
82	6	65715	26464
83	6	65715	25702
84	6	65715	24983
85	6	65715	24457
86	6	65715	23638
87	6	65715	22950
88	6	65715	22262
89	6	65715	21056
90	6	65715	20100
91	6	65715	18718
92	6	65715	17879
93	6	65715	16591
94	6	65715	15503
95	6	65715	14248
96	6	65715	12472
97	6	65715	10363
98	6	65715	9171
99	6	65715	7186
100	6	65715	6079
0	7	65419	93812
1	7	65419	93812
2	7	65419	93907
3	7	65419	96637
4	7	65419	90923
5	7	65419	85064
6	7	65419	81161
7	7	65419	79630
8	7	65419	76801
9	7	65419	75123
10	7	65419	72538
11	7	65419	69959
12	7	65419	67760
13	7	65419	65819
14	7	65419	64180
15	7	65419	62219
16	7	65419	60008
17	7	65419	58332
18	7	65419	57332
19	7	65419	56168
20	7	65419	55354
21	7	65419	54432
22	7	65419	53857
23	7	65419	52671
24	7	65419	51617
25	7	65419	51118
26	7	65419	50100
27	7	65419	49192
28	7	65419	48792
29	7	65419	47769
30	7	65419	47491
31	7	65419	47050
32	7	65419	46018
33	7	65419	45491
34	7	65419	44967
35	7	65419	44317
36	7	65419	44040
37	7	65419	43818
38	7	65419	42889
39	7	65419	42628
40	7	65419	42407
41	7	65419	41667
42	7	65419	41462
43	7	65419	40934
44	7	65419	40604
45	7	65419	40281
46	7	65419	39984
47	7	65419	39623
48	7	65419	39560
49	7	65419	38938
50	7	65419	38872
51	7	65419	38711
52	7	65419	38064
53	7	65419	37653
54	7	65419	37438
55	7	65419	37111
56	7	65419	36758
57	7	65419	36600
58	7	65419	36334
59	7	65419	36013
60	7	65419	35662
61	7	65419	34978
62	7	65419	34716
63	7	65419	34821
64	7	65419	34622
65	7	65419	33965
66	7	65419	33637
67	7	65419	33338
68	7	65419	32959
69	7	65419	32836
70	7	65419	32109
71	7	65419	31500
72	7	65419	31032
73	7	65419	30698
74	7	65419	29643
75	7	65419	29541
76	7	65419	29148
77	7	65419	28716
78	7	65419	28420
79	7	65419	28080
80	7	65419	27488
81	7	65419	26510
82	7	65419	26110
83	7	65419	25531
84	7	65419	24599
85	7	65419	24101
86	7	65419	23215
87	7	65419	22820
88	7	65419	21672
89	7	65419	20795
90	7	65419	20176
91	7	65419	18896
92	7	65419	17946
93	7	65419	16646
94	7	65419	15385
95	7	65419	13894
96	7	65419	12359
97	7	65419	10648
98	7	65419	9230
99	7	65419	7664
100	7	65419	6705
