24	 48	 3
0	1	67645	86646
1	1	67645	86646
2	1	67645	86632
3	1	67645	86668
4	1	67645	88249
5	1	67645	91557
6	1	67645	93697
7	1	67645	95539
8	1	67645	95788
9	1	67645	96122
10	1	67645	95143
11	1	67645	95027
12	1	67645	93284
13	1	67645	90965
14	1	67645	89868
15	1	67645	86071
16	1	67645	82261
17	1	67645	79327
18	1	67645	77743
19	1	67645	76821
20	1	67645	75468
21	1	67645	74350
22	1	67645	73404
23	1	67645	72435
24	1	67645	70673
25	1	67645	70105
26	1	67645	69666
27	1	67645	68507
28	1	67645	67834
29	1	67645	67335
30	1	67645	66485
31	1	67645	65573
32	1	67645	65475
33	1	67645	64808
34	1	67645	64490
35	1	67645	64053
36	1	67645	64020
37	1	67645	63706
38	1	67645	63506
39	1	67645	63029
40	1	67645	62877
41	1	67645	61942
42	1	67645	61920
43	1	67645	61767
44	1	67645	60912
45	1	67645	60834
46	1	67645	60559
47	1	67645	60502
48	1	67645	60351
49	1	67645	59934
50	1	67645	59917
51	1	67645	59887
52	1	67645	59307
53	1	67645	59187
54	1	67645	58826
55	1	67645	58358
56	1	67645	57886
57	1	67645	57849
58	1	67645	57453
59	1	67645	57407
60	1	67645	57068
61	1	67645	56482
62	1	67645	56305
63	1	67645	55970
64	1	67645	55461
65	1	67645	54955
66	1	67645	54677
67	1	67645	54192
68	1	67645	53691
69	1	67645	53329
70	1	67645	52687
71	1	67645	52629
72	1	67645	52108
73	1	67645	51693
74	1	67645	50712
75	1	67645	50659
76	1	67645	49823
77	1	67645	49075
78	1	67645	48640
79	1	67645	48082
80	1	67645	47488
81	1	67645	46339
82	1	67645	46191
83	1	67645	45222
84	1	67645	44150
85	1	67645	43271
86	1	67645	42244
87	1	67645	40944
88	1	67645	39754
89	1	67645	38692
90	1	67645	37461
91	1	67645	35756
92	1	67645	34411
93	1	67645	32810
94	1	67645	30736
95	1	67645	29031
96	1	67645	26280
97	1	67645	23711
98	1	67645	21504
99	1	67645	19254
100	1	67645	17692
0	2	67384	86172
1	2	67384	86172
2	2	67384	86166
3	2	67384	86360
4	2	67384	88432
5	2	67384	90683
6	2	67384	93632
7	2	67384	95785
8	2	67384	95580
9	2	67384	95530
10	2	67384	94809
11	2	67384	94786
12	2	67384	93182
13	2	67384	89767
14	2	67384	88995
15	2	67384	85302
16	2	67384	81796
17	2	67384	78718
18	2	67384	76900
19	2	67384	76090
20	2	67384	74940
21	2	67384	73895
22	2	67384	73279
23	2	67384	71925
24	2	67384	70634
25	2	67384	70005
26	2	67384	69172
27	2	67384	68492
28	2	67384	67470
29	2	67384	66801
30	2	67384	66137
31	2	67384	65731
32	2	67384	65370
33	2	67384	64538
34	2	67384	64742
35	2	67384	63966
36	2	67384	63812
37	2	67384	63512
38	2	67384	62840
39	2	67384	62407
40	2	67384	62026
41	2	67384	61869
42	2	67384	61584
43	2	67384	61323
44	2	67384	60823
45	2	67384	60810
46	2	67384	60690
47	2	67384	60676
48	2	67384	60416
49	2	67384	59701
50	2	67384	59680
51	2	67384	59675
52	2	67384	59056
53	2	67384	58594
54	2	67384	58271
55	2	67384	58144
56	2	67384	57741
57	2	67384	57386
58	2	67384	57210
59	2	67384	56802
60	2	67384	56497
61	2	67384	56674
62	2	67384	56295
63	2	67384	55450
64	2	67384	55238
65	2	67384	54788
66	2	67384	54783
67	2	67384	54418
68	2	67384	53936
69	2	67384	53731
70	2	67384	52820
71	2	67384	52495
72	2	67384	52176
73	2	67384	51418
74	2	67384	50926
75	2	67384	50617
76	2	67384	50301
77	2	67384	49043
78	2	67384	48458
79	2	67384	47602
80	2	67384	47104
81	2	67384	46054
82	2	67384	45404
83	2	67384	44309
84	2	67384	43857
85	2	67384	42769
86	2	67384	41574
87	2	67384	40649
88	2	67384	39332
89	2	67384	38430
90	2	67384	37294
91	2	67384	35841
92	2	67384	34699
93	2	67384	32601
94	2	67384	30759
95	2	67384	28557
96	2	67384	26229
97	2	67384	23478
98	2	67384	21060
99	2	67384	17783
100	2	67384	14840
0	3	67124	86112
1	3	67124	86112
2	3	67124	86081
3	3	67124	85873
4	3	67124	88812
5	3	67124	91180
6	3	67124	93299
7	3	67124	95563
8	3	67124	95773
9	3	67124	94623
10	3	67124	94222
11	3	67124	93793
12	3	67124	91220
13	3	67124	88708
14	3	67124	87574
15	3	67124	84394
16	3	67124	80241
17	3	67124	76810
18	3	67124	76434
19	3	67124	75905
20	3	67124	74731
21	3	67124	73352
22	3	67124	72651
23	3	67124	71804
24	3	67124	70878
25	3	67124	69988
26	3	67124	68665
27	3	67124	68228
28	3	67124	67512
29	3	67124	66920
30	3	67124	66512
31	3	67124	65824
32	3	67124	65129
33	3	67124	64701
34	3	67124	64323
35	3	67124	63866
36	3	67124	63382
37	3	67124	63266
38	3	67124	62138
39	3	67124	62056
40	3	67124	62189
41	3	67124	61554
42	3	67124	61210
43	3	67124	61058
44	3	67124	60753
45	3	67124	60424
46	3	67124	60157
47	3	67124	59837
48	3	67124	59974
49	3	67124	59479
50	3	67124	59229
51	3	67124	59225
52	3	67124	58596
53	3	67124	58471
54	3	67124	58075
55	3	67124	57970
56	3	67124	57391
57	3	67124	57360
58	3	67124	56790
59	3	67124	56568
60	3	67124	56086
61	3	67124	55688
62	3	67124	55614
63	3	67124	55314
64	3	67124	55179
65	3	67124	54509
66	3	67124	54273
67	3	67124	53754
68	3	67124	53333
69	3	67124	53189
70	3	67124	52668
71	3	67124	52030
72	3	67124	51850
73	3	67124	51374
74	3	67124	50772
75	3	67124	50424
76	3	67124	49850
77	3	67124	48902
78	3	67124	48292
79	3	67124	47863
80	3	67124	47305
81	3	67124	45957
82	3	67124	45216
83	3	67124	44244
84	3	67124	43664
85	3	67124	42903
86	3	67124	41323
87	3	67124	40544
88	3	67124	39569
89	3	67124	38530
90	3	67124	36694
91	3	67124	35278
92	3	67124	33715
93	3	67124	32183
94	3	67124	30708
95	3	67124	28911
96	3	67124	26151
97	3	67124	23449
98	3	67124	21630
99	3	67124	18895
100	3	67124	17512
0	4	66856	85893
1	4	66856	85893
2	4	66856	85875
3	4	66856	85170
4	4	66856	87585
5	4	66856	89876
6	4	66856	92626
7	4	66856	94106
8	4	66856	94840
9	4	66856	93954
10	4	66856	93594
11	4	66856	93064
12	4	66856	90922
13	4	66856	88101
14	4	66856	87657
15	4	66856	83808
16	4	66856	80611
17	4	66856	77489
18	4	66856	76543
19	4	66856	75501
20	4	66856	75084
21	4	66856	73243
22	4	66856	72261
23	4	66856	71666
24	4	66856	70689
25	4	66856	70065
26	4	66856	69065
27	4	66856	68116
28	4	66856	67025
29	4	66856	67171
30	4	66856	66223
31	4	66856	65880
32	4	66856	65308
33	4	66856	64897
34	4	66856	64659
35	4	66856	64034
36	4	66856	63324
37	4	66856	63227
38	4	66856	62719
39	4	66856	62438
40	4	66856	62577
41	4	66856	61777
42	4	66856	61344
43	4	66856	61105
44	4	66856	60578
45	4	66856	60732
46	4	66856	60067
47	4	66856	60026
48	4	66856	59902
49	4	66856	59744
50	4	66856	59665
51	4	66856	59557
52	4	66856	59059
53	4	66856	58450
54	4	66856	58381
55	4	66856	58191
56	4	66856	57719
57	4	66856	57459
58	4	66856	57055
59	4	66856	56672
60	4	66856	56563
61	4	66856	56310
62	4	66856	56055
63	4	66856	55302
64	4	66856	55234
65	4	66856	54546
66	4	66856	54187
67	4	66856	53881
68	4	66856	53300
69	4	66856	53023
70	4	66856	52502
71	4	66856	52079
72	4	66856	51717
73	4	66856	51106
74	4	66856	50274
75	4	66856	50165
76	4	66856	49889
77	4	66856	48850
78	4	66856	48140
79	4	66856	47463
80	4	66856	46922
81	4	66856	45963
82	4	66856	45136
83	4	66856	44414
84	4	66856	43546
85	4	66856	42677
86	4	66856	41573
87	4	66856	40359
88	4	66856	39029
89	4	66856	37911
90	4	66856	36487
91	4	66856	35172
92	4	66856	33901
93	4	66856	32129
94	4	66856	30452
95	4	66856	28378
96	4	66856	25504
97	4	66856	22949
98	4	66856	20610
99	4	66856	17340
100	4	66856	14682
0	5	66554	85613
1	5	66554	85613
2	5	66554	85619
3	5	66554	85132
4	5	66554	87667
5	5	66554	90017
6	5	66554	92427
7	5	66554	94377
8	5	66554	94877
9	5	66554	93618
10	5	66554	93614
11	5	66554	93250
12	5	66554	90873
13	5	66554	87972
14	5	66554	87195
15	5	66554	84183
16	5	66554	79976
17	5	66554	77220
18	5	66554	76001
19	5	66554	74985
20	5	66554	73882
21	5	66554	72679
22	5	66554	72124
23	5	66554	71001
24	5	66554	70032
25	5	66554	69640
26	5	66554	68875
27	5	66554	67618
28	5	66554	66904
29	5	66554	66174
30	5	66554	65822
31	5	66554	65495
32	5	66554	64853
33	5	66554	64647
34	5	66554	64346
35	5	66554	63087
36	5	66554	62963
37	5	66554	62526
38	5	66554	61814
39	5	66554	61893
40	5	66554	61588
41	5	66554	61151
42	5	66554	61003
43	5	66554	60552
44	5	66554	59833
45	5	66554	59828
46	5	66554	59197
47	5	66554	58959
48	5	66554	59148
49	5	66554	58748
50	5	66554	58680
51	5	66554	58667
52	5	66554	58128
53	5	66554	58127
54	5	66554	57871
55	5	66554	57396
56	5	66554	57096
57	5	66554	56833
58	5	66554	56418
59	5	66554	56414
60	5	66554	56000
61	5	66554	55720
62	5	66554	55603
63	5	66554	55080
64	5	66554	54831
65	5	66554	54344
66	5	66554	54183
67	5	66554	53575
68	5	66554	53052
69	5	66554	52644
70	5	66554	52143
71	5	66554	51732
72	5	66554	51277
73	5	66554	50794
74	5	66554	50035
75	5	66554	49594
76	5	66554	49375
77	5	66554	48378
78	5	66554	47850
79	5	66554	47385
80	5	66554	46658
81	5	66554	45431
82	5	66554	45085
83	5	66554	44022
84	5	66554	43074
85	5	66554	42152
86	5	66554	41218
87	5	66554	40145
88	5	66554	38846
89	5	66554	37590
90	5	66554	36617
91	5	66554	34855
92	5	66554	33803
93	5	66554	31805
94	5	66554	30279
95	5	66554	28221
96	5	66554	25926
97	5	66554	23506
98	5	66554	21205
99	5	66554	18986
100	5	66554	17452
0	6	66209	85229
1	6	66209	85229
2	6	66209	85271
3	6	66209	84937
4	6	66209	87000
5	6	66209	89426
6	6	66209	91449
7	6	66209	93611
8	6	66209	93739
9	6	66209	93106
10	6	66209	93015
11	6	66209	92322
12	6	66209	90545
13	6	66209	87927
14	6	66209	86860
15	6	66209	83738
16	6	66209	79616
17	6	66209	76958
18	6	66209	75518
19	6	66209	74285
20	6	66209	73418
21	6	66209	71955
22	6	66209	71408
23	6	66209	70859
24	6	66209	69934
25	6	66209	69207
26	6	66209	68095
27	6	66209	67499
28	6	66209	66158
29	6	66209	66260
30	6	66209	65716
31	6	66209	64898
32	6	66209	64370
33	6	66209	63753
34	6	66209	63443
35	6	66209	62500
36	6	66209	62214
37	6	66209	62214
38	6	66209	62175
39	6	66209	61638
40	6	66209	61256
41	6	66209	60414
42	6	66209	60588
43	6	66209	60291
44	6	66209	60019
45	6	66209	59772
46	6	66209	59616
47	6	66209	59347
48	6	66209	59151
49	6	66209	58596
50	6	66209	58471
51	6	66209	58458
52	6	66209	58024
53	6	66209	58128
54	6	66209	57764
55	6	66209	57290
56	6	66209	57046
57	6	66209	56823
58	6	66209	56522
59	6	66209	55850
60	6	66209	55648
61	6	66209	55405
62	6	66209	54763
63	6	66209	54879
64	6	66209	54455
65	6	66209	53931
66	6	66209	53483
67	6	66209	53161
68	6	66209	52538
69	6	66209	52546
70	6	66209	51758
71	6	66209	51386
72	6	66209	51054
73	6	66209	50824
74	6	66209	49840
75	6	66209	49612
76	6	66209	48816
77	6	66209	48039
78	6	66209	47646
79	6	66209	46860
80	6	66209	46279
81	6	66209	44987
82	6	66209	44285
83	6	66209	43404
84	6	66209	42619
85	6	66209	41824
86	6	66209	40834
87	6	66209	39793
88	6	66209	38625
89	6	66209	37666
90	6	66209	36382
91	6	66209	34801
92	6	66209	33341
93	6	66209	31947
94	6	66209	30097
95	6	66209	28053
96	6	66209	25576
97	6	66209	23259
98	6	66209	20100
99	6	66209	17210
100	6	66209	14655
0	7	65925	85354
1	7	65925	85354
2	7	65925	85333
3	7	65925	85321
4	7	65925	87350
5	7	65925	89089
6	7	65925	91648
7	7	65925	93819
8	7	65925	94391
9	7	65925	93804
10	7	65925	93072
11	7	65925	92724
12	7	65925	90800
13	7	65925	87138
14	7	65925	87271
15	7	65925	83317
16	7	65925	79189
17	7	65925	76782
18	7	65925	75392
19	7	65925	74286
20	7	65925	73661
21	7	65925	71962
22	7	65925	71635
23	7	65925	70205
24	7	65925	69352
25	7	65925	68485
26	7	65925	68226
27	7	65925	67302
28	7	65925	66391
29	7	65925	65711
30	7	65925	64963
31	7	65925	64778
32	7	65925	64194
33	7	65925	63542
34	7	65925	63322
35	7	65925	62797
36	7	65925	62077
37	7	65925	61928
38	7	65925	61313
39	7	65925	60988
40	7	65925	60904
41	7	65925	60138
42	7	65925	59905
43	7	65925	59769
44	7	65925	59122
45	7	65925	59214
46	7	65925	58820
47	7	65925	58608
48	7	65925	58493
49	7	65925	58038
50	7	65925	58034
51	7	65925	58018
52	7	65925	57253
53	7	65925	57249
54	7	65925	56954
55	7	65925	56809
56	7	65925	56409
57	7	65925	56050
58	7	65925	55798
59	7	65925	55472
60	7	65925	55330
61	7	65925	54646
62	7	65925	54290
63	7	65925	53715
64	7	65925	53532
65	7	65925	53223
66	7	65925	53134
67	7	65925	52946
68	7	65925	52262
69	7	65925	51878
70	7	65925	51393
71	7	65925	50998
72	7	65925	50516
73	7	65925	50190
74	7	65925	49267
75	7	65925	49107
76	7	65925	48677
77	7	65925	47723
78	7	65925	47426
79	7	65925	46911
80	7	65925	45897
81	7	65925	44878
82	7	65925	43996
83	7	65925	43366
84	7	65925	42707
85	7	65925	41789
86	7	65925	40690
87	7	65925	39623
88	7	65925	38629
89	7	65925	37285
90	7	65925	35666
91	7	65925	34836
92	7	65925	33316
93	7	65925	31644
94	7	65925	29717
95	7	65925	27929
96	7	65925	25646
97	7	65925	22989
98	7	65925	20889
99	7	65925	18628
100	7	65925	17301
